26724.62660063655
20984.65685926113
15950.358866650262
12202.177101011519
9493.18652117395
7506.165942310356
5999.419235380745
4823.871168274229
3890.268066388555
3141.747694470978
2538.83130591645
2052.1547078962612
1658.935146692529
1341.0995720507053
1084.1569793569506
876.4315447268309
708.4954763871501
572.7292870799429
462.9727673761954
374.2449283206952
302.51820348147885
244.5360267488286
197.665333667479
159.77726685567177
129.15068682536366
104.39413091150345
84.3826970498194
68.20700162148569
55.131904331821715
44.563133163697785
36.02029874952859
29.115075960347895
23.53356399128097
19.02202519623097
15.375355858297553
12.427765782631468
10.045243710046634
8.119466492702486
6.562875469535356
5.304696415056242
4.2877222775132395
3.46571254558512
2.801291073934408
2.264246844133595
1.8301604340667836
1.4792937762103975
1.1956927387800533
0.9664617315866053
3414.3360344468383
522.5166084421508
321.4791737884807
266.1422265403089
222.3042497742572
184.72197404448525
152.44336587260477
125.05833151805564
102.12607288386789
83.12496142671444
67.50391248051892
54.732476828910876
44.3304785064538
35.880114521831274
29.027039064036217
23.475688853679458
18.98219954999513
15.346790771465749
12.406558547518216
10.029073407960823
8.106894164957339
6.552966378803831
5.296813935652608
4.2814135091612116
3.460643248341512
2.797207411727868
2.2609519489924423
1.8274993525410537
1.4771433263958897
1.1939543481275905
0.9650561860471498
355.0884817004844
332.9398692927207
250.5783234523842
176.74562373847584
123.38310044357786
87.31232881202595
63.24122967061703
46.98211133343284
35.7156936309766
27.6617419825634
21.724603408772964
17.23060582979815
13.75793820922263
11.033790207555285
8.87441424006829
7.150729238957865
5.768534722505137
4.656918864871841
3.761243045446463
3.038708278356353
2.4554133619822096
1.9843069957569242
1.603701072774129
1.2961547230079304
1.047615747724194
0.8467486184090376
11.77690204771352
8.216198610462015
6.511980908195255
4.853448358306196
3.4735344610526226
2.475061732897302
1.7927941460802685
1.3296918298001401
1.0091710019041784
0.7805701258475892
1.0225624685699586
0.7962097267445643
